Comandos Ar Condicionado
Aumentar Temperatura:
8087F
Decoded PANASONIC - Address: 28C6 Value: 8087F (48 bits)
Raw (100): -1342 3350 -1500 500 -300 500 -300 500 -1150 450 -350 450 -1150 500 -300 500 -300 500 -300 500 -1150 450 -1150 500 -300 500 -300 500 -300 500 -1150 450 -1150 500 -300 500 -300 500 -300 500 -350 450 -350 450 -350 500 -300 500 -300 500 -300 500 -350 450 -350 450 -350 500 -300 500 -1100 500 -300 500 -350 450 -350 450 -350 500 -300 500 -300 500 -300 500 -1150 450 -350 450 -350 500 -300 500 -300 500 -1100 500 -1150 450 -1150 500 -1100 500 -1150 450 -1150 500 -1100 500 

Diminuir Temperatura:
8087F
Decoded PANASONIC - Address: 28C6 Value: 8087F (48 bits)
Raw (100): -10364 3300 -1550 500 -300 500 -300 500 -1150 450 -350 450 -1150 500 -300 500 -300 500 -350 450 -1150 450 -1150 500 -300 500 -300 500 -350 450 -1150 450 -1150 500 -300 500 -300 500 -350 450 -350 450 -350 500 -300 500 -300 500 -300 500 -300 500 -350 450 -350 450 -350 500 -300 500 -1100 500 -350 450 -350 450 -350 450 -350 500 -300 500 -300 500 -300 500 -1150 450 -350 500 -300 500 -300 500 -300 500 -1150 450 -1150 500 -1100 500 -1100 500 -1150 450 -1150 500 -1100 500 


Ligar Ar Condicionado:
8087F
Decoded PANASONIC - Address: 28C6 Value: 8087F (48 bits)
Raw (100): 19382 3350 -1500 500 -300 500 -300 500 -1150 450 -350 450 -1150 500 -300 500 -300 500 -300 500 -1150 450 -1150 500 -300 500 -300 500 -300 500 -1150 500 -1100 500 -300 500 -300 500 -350 450 -350 450 -350 500 -300 500 -300 500 -300 500 -300 500 -350 450 -350 450 -350 500 -300 500 -1100 500 -300 500 -350 450 -350 450 -350 500 -300 500 -300 500 -300 500 -1150 450 -350 500 -300 500 -300 500 -300 500 -1100 500 -1150 500 -1100 500 -1100 500 -1150 450 -1150 500 -1100 500 

Desligar Ar Condicionado =
80840
Decoded PANASONIC - Address: 28C6 Value: 80840 (48 bits)
Raw (100): -31556 3300 -1500 500 -350 450 -350 450 -1150 500 -300 500 -1100 500 -350 450 -350 450 -350 500 -1100 500 -1100 500 -350 450 -350 450 -350 500 -1100 500 -1150 450 -350 450 -350 450 -350 500 -300 500 -300 500 -300 500 -350 450 -350 450 -350 450 -350 500 -300 500 -300 500 -300 500 -1150 450 -350 500 -300 500 -300 500 -300 500 -300 500 -350 450 -350 450 -1150 500 -300 500 -300 500 -300 500 -350 450 -1150 500 -300 500 -300 500 -300 500 -350 450 -350 450 -350 450 


Comandos Portão
Abrir e Fechar = 

Comandos Televisor
Ligar TV Sky:
F4BA2988
Unknown encoding: F4BA2988 (32 bits)
Raw (68): 24328 4500 -4450 600 -1600 600 -1600 650 -1600 600 -500 650 -450 650 -500 600 -500 650 -500 600 -1600 600 -1600 650 -1600 600 -500 650 -500 600 -500 600 -500 650 -500 600 -500 650 -1550 650 -500 600 -500 650 -450 650 -500 600 -500 650 -500 600 -1600 650 -450 650 -1600 600 -1600 650 -1600 600 -1600 600 -1600 650 -1600 600 

Ligar Receptor Sky:
61F458A7
Decoded NEC: 61F458A7 (32 bits)
Raw (68): -28432 8950 -4450 600 -500 600 -1650 600 -1600 600 -500 600 -550 550 -550 600 -500 600 -1600 650 -1600 600 -1600 650 -1600 600 -1650 600 -500 600 -1600 650 -500 600 -500 600 -500 600 -1650 600 -500 600 -1600 600 -1650 600 -500 600 -500 650 -450 650 -1600 600 -500 650 -1600 600 -500 600 -500 600 -1650 600 -1650 550 -1650 600 


Aumentar o Volume:
61F448B7
Decoded NEC: 61F448B7 (32 bits)
Raw (68): 21174 8950 -4400 600 -500 600 -1650 600 -1600 600 -550 600 -500 600 -500 600 -500 600 -1650 600 -1600 600 -1650 600 -1600 650 -1600 600 -500 600 -1650 600 -500 600 -500 600 -500 600 -1650 600 -500 600 -500 650 -1600 600 -500 600 -500 600 -500 650 -1600 600 -500 600 -1650 600 -1600 600 -550 550 -1650 600 -1650 600 -1600 600 


Diminutir Volume:
61F4D827
Decoded NEC: 61F4D827 (32 bits)
Raw (68): 26088 8950 -4450 600 -500 600 -1600 650 -1600 600 -500 600 -550 550 -550 600 -500 600 -1600 650 -1600 600 -1600 650 -1600 600 -1600 650 -500 600 -1600 650 -450 650 -500 600 -1600 650 -1600 600 -500 600 -1650 600 -1600 600 -550 600 -500 600 -500 600 -500 600 -500 650 -1600 600 -500 600 -500 600 -1650 600 -1600 600 -1650 600 


Próximo Canal:
61F4E01F
Decoded NEC: 61F4E01F (32 bits)
Raw (68): 3230 8950 -4400 600 -500 650 -1600 600 -1600 650 -500 600 -500 600 -500 600 -500 650 -1600 600 -1650 600 -1600 600 -1650 600 -1600 600 -550 550 -1650 600 -500 600 -500 650 -1600 600 -1600 650 -1600 600 -500 650 -450 650 -500 600 -500 600 -500 600 -500 600 -500 650 -450 650 -1600 600 -1650 600 -1600 650 -1600 600 -1600 650 


Canal Anterior:
61F4807F
Decoded NEC: 61F4807F (32 bits)
Raw (68): 21992 8950 -4400 650 -500 600 -1600 600 -1650 600 -500 600 -500 600 -550 550 -550 600 -1600 600 -1650 600 -1600 600 -1650 600 -1650 550 -550 600 -1600 600 -500 650 -450 650 -1600 600 -500 650 -500 600 -500 600 -500 600 -500 600 -500 600 -500 650 -500 600 -1600 600 -1650 600 -1600 650 -1600 600 -1600 650 -1600 600 -1650 600 








